,Unnamed: 1,Unnamed: 2,Unnamed: 3,Unnamed: 4,Unnamed: 5,Unnamed: 6,Unnamed: 7,Unnamed: 8,Unnamed: 9,Unnamed: 10,Unnamed: 11,Unnamed: 12,Unnamed: 13,Unnamed: 14,Unnamed: 15,Unnamed: 16,Unnamed: 17,Unnamed: 18,Unnamed: 19,Unnamed: 20,Unnamed: 21,Unnamed: 22,Unnamed: 23,Unnamed: 24,Unnamed: 25,Unnamed: 26
Unnamed: 1,1.0,0.9106915288945363,0.9290985129386955,0.7204842799122486,0.8361522996870289,0.599704299332337,0.8473262420924277,0.7336152485045446,0.7463441284687206,0.7344497083897257,0.2791311036768428,0.7512558144073853,0.5769900774663634,0.41709823686193837,-0.3948464320788572,0.4916401734238967,0.551740993559466,0.19098441038047553,0.1929257216683473,0.3682727731901785,0.16553174749188787,0.7955174978527254,0.7273532308915001,0.8242102588864321,0.15433517551829234,0.2400517857710802
Unnamed: 2,0.9106915288945363,1.0,0.9248444282375592,0.6197102746948229,0.6861754802918976,0.3864556295406796,0.8481757357904895,0.6948351812878107,0.6890169837148048,0.6185338525007162,0.28440484059527366,0.669960590617715,0.44036275417317045,0.33406820300871953,-0.3510897691377526,0.4467188553601031,0.5047994558643171,0.19790198341737203,0.19613858454352565,0.3796978147939285,0.18255753681282025,0.7620949684722719,0.740953494884294,0.7105895212131409,0.14863672161816174,0.2485088050955756
Unnamed: 3,0.9290985129386955,0.9248444282375592,1.0,0.6535219520245714,0.76311784225078,0.4421570382288315,0.8204419827219932,0.7131961682031736,0.6987444744764701,0.654180584831333,0.2636160627761216,0.6999496029618983,0.4882153922181948,0.3692842236164587,-0.35577454670851183,0.4570686526386128,0.4825401435488089,0.15909849150666103,0.1565792611708063,0.3331090984915099,0.14320670960817772,0.7638920965892864,0.7322805835659126,0.7702170565840618,0.12679122391059883,0.21841615234419173
Unnamed: 4,0.7204842799122486,0.6197102746948229,0.6535219520245714,1.0,0.6248412551299628,0.39603318233740303,0.6491458730145576,0.6035614883166593,0.523766317400172,0.4234041382390573,0.26731627192357515,0.44977779637229237,0.2528112316476465,0.43834714917180817,-0.3378984230129395,0.2999945256211802,0.3465249380720035,0.16292920867618352,0.16513193316975078,0.37605337803865113,0.20013883745467734,0.5431852688248485,0.5715859289303259,0.5662727289350638,-0.0026273569547948026,0.07801192661409151
Unnamed: 5,0.8361522996870289,0.6861754802918976,0.76311784225078,0.6248412551299628,1.0,0.7389917778808129,0.6479987282899624,0.6867852278272113,0.6319072384809464,0.6767165329804588,0.04968614935683752,0.6745643335495288,0.6475906884596558,0.3052451741889279,-0.43349529409893395,0.4138159453064571,0.3983121090616876,-0.07330490309270772,-0.06373757068299256,0.1404210538000248,-0.0803988997697674,0.6016913208397023,0.5482083872305411,0.7867253988563192,0.01771130831340349,0.06105074135476524
Unnamed: 6,0.599704299332337,0.3864556295406796,0.4421570382288315,0.39603318233740303,0.7389917778808129,1.0,0.39889540095382386,0.5061166697606189,0.5094576817271634,0.5720374045025388,-0.0977434644756383,0.5411819312568205,0.6183162112652465,0.18103663335809453,-0.3850588994700122,0.32222153450837,0.3233904165693951,-0.08804369356974744,-0.07194413617707111,0.05892043267597119,-0.1315807440302404,0.3854391815240965,0.3064794330576956,0.6060781573003464,-0.041428736693483584,-0.017672985098820586
Unnamed: 7,0.8473262420924277,0.8481757357904895,0.8204419827219932,0.6491458730145576,0.6479987282899624,0.39889540095382386,1.0,0.684682652147722,0.6713119055487169,0.5785538987596434,0.3561836997047032,0.6182973065085353,0.41309219585870344,0.3799988545658117,-0.364631179206733,0.4324217766428775,0.4795997025705127,0.2400990329216383,0.24043913315633708,0.4061000370024408,0.2329395092562414,0.6804086330002694,0.68394325399907,0.6708700146901138,0.187819845913739,0.24979192824944846
Unnamed: 8,0.7336152485045446,0.6948351812878107,0.7131961682031736,0.6035614883166593,0.6867852278272113,0.5061166697606189,0.684682652147722,1.0,0.6091542919025652,0.45655817979955476,0.16165232734324278,0.4722176990029849,0.36366161759870097,0.2571961961946478,-0.38540593240991544,0.43710930346464094,0.4612118601940312,0.09469412124509671,0.08733101183689308,0.3204107796940946,0.13192118523757287,0.4891508158629299,0.6386534281888688,0.6352114237996656,-0.06795107100988773,-0.06382421777228879
Unnamed: 9,0.7463441284687206,0.6890169837148048,0.6987444744764701,0.523766317400172,0.6319072384809464,0.5094576817271634,0.6713119055487169,0.6091542919025652,1.0,0.6988871322963363,0.4622954793858794,0.6844669774474843,0.6260798592024809,0.42042614613902674,-0.2519297899499951,0.48916069134042695,0.6321259253750713,0.4602971280181402,0.46968023109483714,0.5404670210747128,0.4360770119518774,0.6273374473299531,0.6793503713892538,0.6500078590558467,0.3136124561448574,0.38519006206171463
Unnamed: 10,0.7344497083897257,0.6185338525007162,0.654180584831333,0.4234041382390573,0.6767165329804588,0.5720374045025388,0.5785538987596434,0.45655817979955476,0.6988871322963363,1.0,0.42166119405287206,0.9456332249335915,0.872739453074836,0.5589767842054568,-0.21319599578947981,0.5562879293959295,0.6127770992491874,0.3847585737177656,0.39579352068362894,0.40581798473918257,0.31767378123958717,0.6798419325861081,0.5670658688307826,0.6657133003942677,0.45797326963705737,0.5304618583274282
Unnamed: 11,0.2791311036768428,0.28440484059527366,0.2636160627761216,0.26731627192357515,0.04968614935683752,-0.0977434644756383,0.3561836997047032,0.16165232734324278,0.4622954793858794,0.42166119405287206,1.0,0.4186909370826527,0.24747403821207498,0.5054460235682976,0.11652331547090258,0.35453041027163035,0.48500859263374313,0.8538773606846676,0.8469468940720782,0.6807092552545492,0.878055777194885,0.35405042563283406,0.545974099273057,0.20999177283030251,0.6671407594618732,0.6605811973748772
Unnamed: 12,0.7512558144073853,0.669960590617715,0.6999496029618983,0.44977779637229237,0.6745643335495288,0.5411819312568205,0.6182973065085353,0.4722176990029849,0.6844669774474843,0.9456332249335915,0.4186909370826527,1.0,0.7833450913356964,0.4484256476037433,-0.21084303342206434,0.5560258686360272,0.6059639838733667,0.348285989974177,0.35711996952001435,0.3865195222877007,0.2935098733911447,0.7028309669548193,0.5968117585165199,0.6660172775257592,0.4116062951333044,0.5090419951835703
Unnamed: 13,0.5769900774663634,0.44036275417317045,0.4882153922181948,0.2528112316476465,0.6475906884596558,0.6183162112652465,0.41309219585870344,0.36366161759870097,0.6260798592024809,0.872739453074836,0.24747403821207498,0.7833450913356964,1.0,0.3912797738892954,-0.20363937278840044,0.5099602358135237,0.5611232905090867,0.2938824627073159,0.3072728924187964,0.26240826759661867,0.20639946180408922,0.48093792935845947,0.40924327968605073,0.5555077122130235,0.4347453860715478,0.4544542058928291
Unnamed: 14,0.41709823686193837,0.33406820300871953,0.3692842236164587,0.43834714917180817,0.3052451741889279,0.18103663335809453,0.3799988545658117,0.2571961961946478,0.42042614613902674,0.5589767842054568,0.5054460235682976,0.4484256476037433,0.3912797738892954,1.0,-0.05877942027088505,0.2948299592741259,0.3870907113174695,0.4851065360200323,0.4964014816243334,0.5105151682499055,0.48887292369658364,0.3545110705576459,0.4251639941303754,0.3544112879263797,0.39010172066150445,0.4219340932384427
Unnamed: 15,-0.3948464320788572,-0.3510897691377526,-0.35577454670851183,-0.3378984230129395,-0.43349529409893395,-0.3850588994700122,-0.364631179206733,-0.38540593240991544,-0.2519297899499951,-0.21319599578947981,0.11652331547090258,-0.21084303342206434,-0.20363937278840044,-0.05877942027088505,1.0,-0.15016434455242167,-0.1322374549874371,0.21163878270983535,0.21143086051590776,0.013036373631741252,0.18420484243168433,-0.2601647765875392,-0.2695981264767328,-0.38169818519720466,0.2292330440386892,0.20151370753810166
Unnamed: 16,0.4916401734238967,0.4467188553601031,0.4570686526386128,0.2999945256211802,0.4138159453064571,0.32222153450837,0.4324217766428775,0.43710930346464094,0.48916069134042695,0.5562879293959295,0.35453041027163035,0.5560258686360272,0.5099602358135237,0.2948299592741259,-0.15016434455242167,1.0,0.5719034931913073,0.31633415740346904,0.32035120494699715,0.3313896566594341,0.3199099833209046,0.40016070824635275,0.45668442940562176,0.3981741164060438,0.31976590936855614,0.2897517003251403
Unnamed: 17,0.551740993559466,0.5047994558643171,0.4825401435488089,0.3465249380720035,0.3983121090616876,0.3233904165693951,0.4795997025705127,0.4612118601940312,0.6321259253750713,0.6127770992491874,0.48500859263374313,0.6059639838733667,0.5611232905090867,0.3870907113174695,-0.1322374549874371,0.5719034931913073,1.0,0.5225820037876787,0.5305610558564522,0.5697977477448407,0.5236517355941912,0.4966716296756655,0.5440602043763992,0.4301137423112117,0.34174890476916014,0.3729755469304545
Unnamed: 18,0.19098441038047553,0.19790198341737203,0.15909849150666103,0.16292920867618352,-0.07330490309270772,-0.08804369356974744,0.2400990329216383,0.09469412124509671,0.4602971280181402,0.3847585737177656,0.8538773606846676,0.348285989974177,0.2938824627073159,0.4851065360200323,0.21163878270983535,0.31633415740346904,0.5225820037876787,1.0,0.98943815214869,0.7492376131626827,0.9556896937779751,0.2575470232043257,0.39396141248426547,0.10029880817966585,0.6960114308539327,0.6821916855105249
Unnamed: 19,0.1929257216683473,0.19613858454352565,0.1565792611708063,0.16513193316975078,-0.06373757068299256,-0.07194413617707111,0.24043913315633708,0.08733101183689308,0.46968023109483714,0.39579352068362894,0.8469468940720782,0.35711996952001435,0.3072728924187964,0.4964014816243334,0.21143086051590776,0.32035120494699715,0.5305610558564522,0.98943815214869,1.0,0.7633965430833098,0.9610700770589775,0.26295535951557575,0.393075510478318,0.10043256153306108,0.689967670890632,0.6777524982098913
Unnamed: 20,0.3682727731901785,0.3796978147939285,0.3331090984915099,0.37605337803865113,0.1404210538000248,0.05892043267597119,0.4061000370024408,0.3204107796940946,0.5404670210747128,0.40581798473918257,0.6807092552545492,0.3865195222877007,0.26240826759661867,0.5105151682499055,0.013036373631741252,0.3313896566594341,0.5697977477448407,0.7492376131626827,0.7633965430833098,1.0,0.8018130656502028,0.38489237592936304,0.4881440306135922,0.278580126862392,0.3282678956612733,0.34694966159349194
Unnamed: 21,0.16553174749188787,0.18255753681282025,0.14320670960817772,0.20013883745467734,-0.0803988997697674,-0.1315807440302404,0.2329395092562414,0.13192118523757287,0.4360770119518774,0.31767378123958717,0.878055777194885,0.2935098733911447,0.20639946180408922,0.48887292369658364,0.18420484243168433,0.3199099833209046,0.5236517355941912,0.9556896937779751,0.9610700770589775,0.8018130656502028,1.0,0.23826337159213357,0.4286901230595308,0.07560614458540635,0.6148570830947677,0.5895426624672788
Unnamed: 22,0.7955174978527254,0.7620949684722719,0.7638920965892864,0.5431852688248485,0.6016913208397023,0.3854391815240965,0.6804086330002694,0.4891508158629299,0.6273374473299531,0.6798419325861081,0.35405042563283406,0.7028309669548193,0.48093792935845947,0.3545110705576459,-0.2601647765875392,0.40016070824635275,0.4966716296756655,0.2575470232043257,0.26295535951557575,0.38489237592936304,0.23826337159213357,1.0,0.6931822324430646,0.6762496776092696,0.28009110465692455,0.38766621145484864
Unnamed: 23,0.7273532308915001,0.740953494884294,0.7322805835659126,0.5715859289303259,0.5482083872305411,0.3064794330576956,0.68394325399907,0.6386534281888688,0.6793503713892538,0.5670658688307826,0.545974099273057,0.5968117585165199,0.40924327968605073,0.4251639941303754,-0.2695981264767328,0.45668442940562176,0.5440602043763992,0.39396141248426547,0.393075510478318,0.4881440306135922,0.4286901230595308,0.6931822324430646,1.0,0.5657553173968378,0.3350851619608862,0.39144042016326147
Unnamed: 24,0.8242102588864321,0.7105895212131409,0.7702170565840618,0.5662727289350638,0.7867253988563192,0.6060781573003464,0.6708700146901138,0.6352114237996656,0.6500078590558467,0.6657133003942677,0.20999177283030251,0.6660172775257592,0.5555077122130235,0.3544112879263797,-0.38169818519720466,0.3981741164060438,0.4301137423112117,0.10029880817966585,0.10043256153306108,0.278580126862392,0.07560614458540635,0.6762496776092696,0.5657553173968378,1.0,0.08529582452556041,0.133314600980754
Unnamed: 25,0.15433517551829234,0.14863672161816174,0.12679122391059883,-0.0026273569547948026,0.01771130831340349,-0.041428736693483584,0.187819845913739,-0.06795107100988773,0.3136124561448574,0.45797326963705737,0.6671407594618732,0.4116062951333044,0.4347453860715478,0.39010172066150445,0.2292330440386892,0.31976590936855614,0.34174890476916014,0.6960114308539327,0.689967670890632,0.3282678956612733,0.6148570830947677,0.28009110465692455,0.3350851619608862,0.08529582452556041,1.0,0.9349003788288694
Unnamed: 26,0.2400517857710802,0.2485088050955756,0.21841615234419173,0.07801192661409151,0.06105074135476524,-0.017672985098820586,0.24979192824944846,-0.06382421777228879,0.38519006206171463,0.5304618583274282,0.6605811973748772,0.5090419951835703,0.4544542058928291,0.4219340932384427,0.20151370753810166,0.2897517003251403,0.3729755469304545,0.6821916855105249,0.6777524982098913,0.34694966159349194,0.5895426624672788,0.38766621145484864,0.39144042016326147,0.133314600980754,0.9349003788288694,1.0
